data/photometry.txt
# %ECSV 0.9
# ---
# datatype:
# - {name: band, datatype: string}
# - {name: magnitude, unit: mag(AB), datatype: float64}
# - {name: e_magnitude, unit: mag(AB), datatype: float64}
# - {name: time, unit: d, datatype: float64}
# schema: astropy-2.0
band magnitude e_magnitude time
i 17.48 0.02 0.45287635416
H 18.26 0.15 0.461676354164
r 17.46 0.03 0.464476354166
Ks 18.62 0.05 0.470476354167
J 17.83 0.15 0.471476354163
V 17.35 0.02 0.471476354163
r 17.33 0.02 0.471476354163
z 17.67 0.03 0.471476354163
i 17.4801307871 0.0252984934401 0.47453585417
z 17.5902045028 0.0291221350022 0.475217754167
g 17.41 0.02 0.477176354165
J 17.88 0.03 0.480476354162
g 17.41 0.04 0.482076354165
w 17.49 0.04 0.482476354162
g 17.39 0.02 0.485576354164
Y 17.46 0.01 0.490476354164
r 17.56 0.04 0.499476354162
Ks 18.64 0.06 0.500476354166
Ks 18.41 0.15 0.501476354162
J 17.82 0.03 0.51047635416
g 17.32 0.07 0.521476354166
i 16.984 0.05 0.521476354166
r 17.14 0.08 0.521476354166
z 16.854 0.1 0.521476354166
Ks 18.42 0.04 0.530476354164
M2 21.12 "" 0.627195354165
W1 19.46 "" 0.634395354165
U 18.2024703 0.0893445 0.638675428236
U 18.19 "" 0.638695354166
W2 21.13 "" 0.643095354164
z 17.4 0.01 0.700476354163
i 17.24 0.06 0.70272635416
y 17.38 0.1 0.70272635416
z 17.26 0.06 0.70272635416
w 17.31 0.04 0.853476354161
i 17.42 0.05 0.858258764165
g 17.28 0.12 0.872476354161
r 17.2 0.02 0.876476354162
r 17.32 0.07 0.890735614164
g 17.46 0.08 0.892124504164
U 18.9034076 0.1656082 0.980920798618
i 17.14 0.13 1.02134662416
W1 20.21 "" 1.04069535416
U 18.980041 0.1623712 1.04295783563
U 19.0 "" 1.04309535417
M2 22.52 "" 1.06519535416
i 17.48 0.07 1.06585475416
i 17.58 0.09 1.09666437416
H 17.64 0.04 1.17047635416
J 17.51 0.03 1.17047635416
Ks 17.91 0.05 1.17047635416
B 18.47 0.11 1.18999535417
I 17.58 0.1 1.18999535417
R 17.65 0.05 1.18999535417
V 17.81 0.04 1.18999535417
R 17.0 0.2 1.19796475417
w 17.95 0.04 1.20447635416
B 18.1 0.1 1.20753655416
r 17.75 0.02 1.21247635417
g 18.05 0.12 1.21647635417
r 17.89 0.03 1.22980635416
V 18.22 0.08 1.43547635416
g 18.431 0.057 1.43947635416
w 18.23 0.04 1.43947635416
V 18.16 0.05 1.44017635416
H 17.64 0.08 1.44022635416
J 17.58 0.07 1.44022635416
K 17.85 0.15 1.44022635416
g 18.49 0.04 1.44022635416
i 17.85 0.05 1.44022635416
r 17.99 0.01 1.44022635416
z 17.72 0.03 1.44022635416
r 17.69 0.02 1.44047635416
V 18.13 0.08 1.44157635416
i 17.88 0.1 1.44347635416
g 18.507 0.039 1.44517635417
g 18.481 0.037 1.44627635417
g 18.615 0.043 1.44737635416
r 17.98 0.08 1.44747635417
Y 17.3152541007 0.0256595401046 1.44782705416
z 17.62 0.06 1.44827635416
z 17.592973982 0.0219715284923 1.44850285416
r 17.925 0.022 1.44857635416
i 17.7848867885 0.021516551457 1.44919125417
r 17.966 0.024 1.44967635416
r 18.0406133217 0.0239778951345 1.44987625417
z 17.61 0.06 1.44987635416
z 17.61 0.06 1.45047635416
g 18.6643835894 0.0278623418351 1.45055075416
r 17.937 0.024 1.45067635416
u 19.939139444 0.0548237969632 1.45123175417
i 17.77 0.03 1.45127635416
I 17.664 0.064 1.45147635417
g 18.61 0.14 1.45147635417
r 17.675 0.134 1.45147635417
z 17.611 0.098 1.45147635417
i 17.743 0.029 1.45187635416
r 17.91 0.03 1.45207635417
Ks 17.61 0.04 1.45247635416
J 17.47 0.01 1.45277635416
g 18.61 0.03 1.45287635416
i 17.803 0.025 1.45297635417
i 17.809 0.026 1.45407635417
B 19.04 0.06 1.45437635417
g 18.582 0.031 1.45547635416
B 19.04 0.07 1.45577635416
g 18.547 0.03 1.45657635416
g 18.607 0.038 1.45767635416
r 17.946 0.02 1.45887635416
g 18.66 0.03 1.45897635417
r 17.983 0.024 1.45997635416
B 19.09 0.11 1.45999535416
I 17.77 0.09 1.45999535416
R 17.94 0.05 1.45999535416
V 18.28 0.04 1.45999535416
J 17.45 0.01 1.46047635416
Ks 17.77 0.02 1.46047635416
r 17.987 0.026 1.46097635417
H 17.52 0.01 1.46167635416
i 17.776 0.021 1.46227635416
r 18.0 0.06 1.46247635417
i 17.793 0.024 1.46327635417
i 17.795 0.025 1.46437635416
g 18.653 0.034 1.46567635416
V 18.22 0.04 1.46627635416
g 18.604 0.038 1.46677635417
g 18.632 0.037 1.46777635416
r 18.025 0.026 1.46897635416
r 18.017 0.023 1.47007635416
Y 17.23 0.01 1.47047635417
r 18.041 0.022 1.47117635416
r 17.951 0.02 1.47147635416
z 17.654 0.07 1.47147635416
H 17.63 0.1 1.47169626158
i 17.743 0.024 1.47237635416
i 17.856 0.028 1.47347635416
J1 17.32 0.01 1.47367635417
i 17.847 0.025 1.47457635417
g 18.693 0.036 1.47577635416
g 18.666 0.03 1.47687635417
g 18.623 0.036 1.47797635417
r 18.008 0.02 1.47917635417
r 18.008 0.023 1.48027635417
r 18.069 0.027 1.48137635416
r 18.29 0.06 1.48147635417
V 18.14 0.04 1.48197635416
i 17.825 0.033 1.48247635416
V 18.16 0.06 1.48327635416
i 17.772 0.025 1.48357635416
V 18.18 0.04 1.48437635416
i 17.866 0.032 1.48467635416
g 18.683 0.035 1.48597635416
g 18.667 0.038 1.48707635416
g 18.568 0.03 1.48807635417
r 18.029 0.024 1.48927635416
r 18.053 0.03 1.49037635417
r 18.041 0.022 1.49147635416
i 17.831 0.029 1.49267635417
i 17.898 0.031 1.49377635416
i 17.88 0.033 1.49477635416
U 20.79 "" 1.50209535416
B 19.07 0.04 1.50567635417
i 17.8 0.02 1.51527635416
V 18.25 0.06 1.51757635416
V 18.18 0.1 1.51857635417
r 17.98 0.02 1.51867635416
U 20.11 0.23 1.51957635416
U 20.25 0.29 1.51958635417
U 20.21 0.28 1.52347635417
g 18.49 0.12 1.52627635416
U 20.1 0.28 1.52737635416
z 17.74 0.01 1.70047635416
i 17.87 0.06 1.70272635416
y 17.58 0.11 1.70272635416
z 17.78 0.07 1.70272635416
g 18.8 0.07 1.78047635416
i 18.19 0.06 1.78047635416
r 18.26 0.04 1.78047635416
w 18.69 0.05 1.82847635417
B 20.1 0.12 1.82999535416
V 18.79 0.05 1.82999535416
i 18.07 0.13 1.83247635416
r 18.34 0.11 1.83647635416
I 17.98 0.09 1.83999535417
R 18.34 0.05 1.83999535417
g 19.28 0.17 1.84047635416
i 17.96 0.07 1.85083978417
i 18.18 0.08 1.86380274416
r 18.46 0.17 1.92772635417
H 17.52 0.04 2.17047635416
J 17.69 0.04 2.17047635416
Ks 17.61 0.04 2.17047635416
B 20.45 0.09 2.18999535417
I 18.26 0.12 2.18999535417
R 18.59 0.05 2.18999535417
V 19.25 0.05 2.18999535417
r 18.92 0.1 2.20947635416
r 18.9 0.11 2.21247635417
i 18.33 0.12 2.21647635417
i 18.26 0.15 2.21947635416
R 18.0 0.3 2.22089305416
z 18.25 0.3 2.22247635416
g 19.93 0.21 2.22947635416
w 19.11 0.06 2.22947635416
g 19.8 0.2 2.23247635416
w 19.11 0.06 2.23247635416
r 18.8 0.07 2.23258635416
I 18.354 0.105 2.43147635416
g 20.314 0.282 2.43147635416
r 19.178 0.1 2.43147635416
Ks 17.55 0.06 2.43347635416
J 17.55 0.01 2.43397635416
H 17.71 0.09 2.43923098379
r 19.1 0.11 2.43947635416
H 17.64 0.08 2.44039635416
J 17.73 0.09 2.44039635416
K 17.66 0.1 2.44039635416
g 20.19 0.11 2.44039635416
i 18.58 0.04 2.44039635416
r 19.13 0.17 2.44039635416
z 18.33 0.06 2.44039635416
r 18.77 0.04 2.44047635416
H 17.57 0.01 2.44287635417
V 19.4 0.11 2.44287635417
Y 17.771985892 0.0323418323291 2.44612665416
i 18.61 0.15 2.44647635416
z 18.1814465669 0.0299411051811 2.44716635416
r 19.34 0.08 2.44747635417
i 18.3834253954 0.0314911346789 2.44786535416
r 19.0348518723 0.0338112170222 2.44855555415
g 20.2091788065 0.0499190807263 2.44924425417
i 18.46 0.1 2.44947635417
r 19.29 0.12 2.44947635417
B 20.82 0.1 2.44999535416
R 18.81 0.05 2.44999535416
V 19.51 0.05 2.44999535416
Ks 17.67 0.03 2.45047635416
r 19.12 0.06 2.45102496416
u 22.2605680399 0.159378300537 2.45149455415
J1 17.52 0.01 2.45157635416
z 18.19 0.2 2.45347635417
r 18.78 0.03 2.45647635416
r 19.15 0.06 2.45647635416
i 18.37 0.03 2.45947635416
w 19.56 0.07 2.45947635416
I 18.4 0.13 2.45999535416
J 17.66 0.02 2.46047635416
z 18.01 0.13 2.46147635416
w 19.48 0.07 2.46347635416
Y 17.51 0.02 2.47047635417
V 19.51 0.08 2.47147635416
i 18.36 0.02 2.47147635416
i 18.46 0.1 2.47347635416
i 18.45 0.11 2.47747635416
r 18.93 0.02 2.48087635417
w 19.46 0.06 2.48747635417
V 19.53 0.12 2.48787635416
g 20.15 0.33 2.48847635416
J 17.76 0.02 2.49047635416
Ks 17.6 0.04 2.49047635416
w 19.36 0.05 2.49047635416
V 19.59 0.2 2.52517635416
B 19.93 "" 2.65539535417
i 18.44 0.09 2.70272635416
y 18.08 0.11 2.70272635416
z 18.31 0.07 2.70272635416
r 19.36 0.09 2.82847635417
I 18.62 0.1 2.82999535416
R 19.1 0.05 2.82999535416
i 18.53 0.13 2.83547635416
i 18.62 0.14 2.83847635416
w 19.68 0.05 2.84847635416
w 19.61 0.05 2.85247635416
r 19.34 0.08 2.85546941416
g 20.43 0.11 2.85686987417
i 18.7 0.18 2.86247635417
i 18.63 0.15 2.86647635416
r 19.37 0.09 2.86851339416
g 20.21 0.12 2.86991385416
w 19.53 0.07 2.87647635416
w 19.56 0.08 2.87947635417
r 19.18 0.12 2.95064302416
H 17.57 0.04 3.17047635416
J 17.78 0.05 3.17047635416
Ks 17.55 0.05 3.17047635416
I 18.73 0.11 3.18999535417
R 19.3 0.05 3.18999535417
r 19.75 0.12 3.19747635417
i 18.84 0.2 3.20447635416
i 18.76 0.15 3.20747635416
z 18.42 0.34 3.21147635416
w 20.13 0.13 3.21747635416
w 19.99 0.06 3.22147635416
r 19.52 0.13 3.24786635416
V 20.54 0.2 3.44017635416
J 17.85 0.01 3.44427635417
r 20.04 0.08 3.44449718417
H 17.72 0.07 3.44580635416
J 17.95 0.07 3.44580635416
K 17.86 0.1 3.44580635416
g 21.13 0.16 3.44580635416
i 19.03 0.01 3.44580635416
r 19.81 0.02 3.44580635416
z 18.74 0.02 3.44580635416
I 18.87 0.11 3.44999535416
R 19.54 0.06 3.44999535416
Ks 17.54 0.02 3.45047635416
r 19.28 0.01 3.45047635416
Y 18.053540582 0.0348967018551 3.45405135417
z 18.5613837282 0.0335715603031 3.45508165416
u 23.0620125727 0.320547847388 3.45558135416
i 18.7253377929 0.0315727125526 3.45574815417
r 19.2904674945 0.0435129039438 3.45643295416
g 20.9284740878 0.082903420644 3.45711555416
J 17.86 0.02 3.46047635416
Y 17.76 0.01 3.46047635416
V 20.52 0.12 3.46077635416
B 21.72 0.13 3.46657635416
z 18.38 0.05 3.47147635416
g 20.77 0.05 3.47277635417
r 20.18 0.1 3.47447635416
i 18.92 0.05 3.47607635416
r 19.82 0.09 3.47907635416
V 20.55 0.15 3.48707635416
g 20.94 0.06 3.49147635416
r 19.74 0.02 3.49147635416
z 18.3 0.02 3.49147635416
H 17.69 0.02 3.49999535416
J 17.94 0.02 3.49999535416
Ks 17.62 0.02 3.49999535416
H 17.72 0.04 3.50047635417
J 17.93 0.06 3.50047635417
Ks 17.61 0.06 3.50047635417
g 20.9 0.01 3.50999535416
i 18.93 0.01 3.50999535416
r 19.66 0.01 3.50999535416
z 18.46 0.01 3.51999535417
V 20.68 0.31 3.52457635416
z 18.1 0.3 3.70703635416
I 19.0 0.1 3.82999535416
R 19.64 0.09 3.82999535416
r 19.86 0.21 3.96592075416
H 17.77 0.04 4.18047635417
J 18.13 0.12 4.18047635417
Ks 17.57 0.07 4.18047635417
r 20.3 0.31 4.18647635416
I 19.23 0.1 4.18999535417
R 19.94 0.06 4.18999535417
I 19.22 0.1 4.43999535417
R 20.12 0.08 4.43999535417
r 20.25 0.28 4.44047635416
R 20.238 0.058 4.44147635416
Y 18.08 0.02 4.44247635416
H 17.92 0.1 4.44485598379
H 18.02 0.1 4.44573635417
J 18.17 0.07 4.44573635417
K 17.53 0.11 4.44573635417
g 21.58 0.22 4.44573635417
i 19.51 0.04 4.44573635417
r 20.53 0.05 4.44573635417
z 19.07 0.06 4.44573635417
Y 18.3533040928 0.030046328553 4.44671805415
z 18.8080891149 0.0269513616356 4.44914365416
Ks 17.6 0.02 4.45047635416
z 18.73 0.01 4.45147635417
i 19.2227146535 0.0261106636456 4.45155265417
H 17.83 0.02 4.45447635416
r 20.2519395671 0.0485133686263 4.45516725416
i 19.39 0.04 4.45997635416
J 18.08 0.03 4.46047635416
Y 18.07 0.02 4.46047635416
r 19.86 0.01 4.46047635416
g 21.7307173599 0.111509058574 4.46242275416
w 20.64 0.09 4.46347635416
r 20.58 0.12 4.46797635416
J 18.1 0.02 4.46947635416
V 21.85 0.22 4.47147635416
z 18.927 0.027 4.47147635416
r 20.92 0.12 4.47547635416
g 21.75 0.1 4.47587635416
I 19.284 0.055 4.48147635417
g 21.78 0.06 4.49067635417
B 22.729 0.128 4.49147635416
V 21.082 0.054 4.49147635416
B 22.52 0.14 4.49317635416
Ks 17.72 0.09 4.51047635416
H 18.02 0.07 4.52047635416
J 18.15 0.06 4.52047635416
F110W 18.26 0.01 4.79047635417
F110W 18.429 0.026 4.79199535416
r 20.69 0.33 4.82947635416
I 19.52 0.13 4.82999535416
R 20.33 0.05 4.82999535416
F160W 18.063 0.03 4.92347635416
F160W 18.116 0.032 4.92499535417
r 20.2 0.23 4.96175413416
H 17.94 0.05 5.18047635417
J 18.31 0.06 5.18047635417
Ks 17.68 0.04 5.18047635417
I 19.68 0.1 5.18999535417
R 20.64 0.07 5.18999535417
F336W 24.97 0.11 5.32047635417
F336W 25.05 0.11 5.32047635417
F336W 25.18 0.11 5.35047635416
r 20.39 0.03 5.44047635416
z 19.08 0.12 5.44287635417
Y 18.8331247435 0.179805360845 5.44601435417
z 19.1747243524 0.105964725727 5.44842995417
i 19.5525353246 0.181829810072 5.45083975417
r 20.793940388 0.242455408336 5.45445635416
g 22.507 0.122 5.46147635416
g 22.0337508274 0.422551036617 5.46171415417
H 17.84 0.2 5.47147635416
Y 18.33 0.1 5.47147635416
i 20.27 0.12 5.47347635416
r 20.74 0.03 5.49147635416
z 19.16 0.03 5.49147635416
y 18.95 0.44 5.70501635416
R 20.95 0.07 5.82999535416
I 19.99 0.14 5.83999535417
I 20.31 0.11 6.19999535416
H 18.12 0.04 6.20047635416
H 18.6 0.18 6.20047635416
J 18.36 0.05 6.20047635416
J 18.65 0.19 6.20047635416
Ks 17.69 0.03 6.20047635416
Ks 18.01 0.1 6.20047635416
i 20.329 0.089 6.44147635416
Y 19.0624107404 0.306419801087 6.44575765417
I 20.142 0.072 6.45147635417
r 21.31 0.075 6.45147635417
z 19.627 0.039 6.45147635417
r 20.9476144582 0.352448546056 6.45685785417
Ks 17.84 0.03 6.46047635416
g 22.0821886958 0.515485013851 6.46771725417
J 18.74 0.04 6.47047635417
Y 18.71 0.04 6.47047635417
R 21.268 0.106 6.47147635416
B 23.807 0.251 6.49147635416
V 22.361 0.158 6.49147635416
y 19.31 0.43 6.70171635416
I 20.83 0.09 6.70587635416
I 20.39 0.12 6.83999535417
H 18.51 0.05 7.17047635416
H 18.53 0.17 7.17047635416
J 18.95 0.32 7.17047635416
J 18.98 0.08 7.17047635416
Ks 17.95 0.04 7.17047635416
Ks 18.02 0.12 7.17047635416
I 20.89 0.13 7.19999535416
F110W 19.06 0.01 7.24047635416
F110W 19.372 0.045 7.24199535416
H 18.79 0.14 7.43757589121
K 18.06 0.17 7.44047635416
z 19.87 0.07 7.44127635416
Y 19.4392828251 0.0486636275689 7.44482955416
Ks 17.95 0.04 7.45047635416
z 19.8866873692 0.0483324550366 7.45086865416
i 20.5421156049 0.0505708603034 7.45328605417
H 18.74 0.06 7.45464635416
J 19.26 0.28 7.45464635416
K 18.04 0.12 7.45464635416
r 21.2261086792 0.107352568361 7.45811135416
J 19.07 0.08 7.46047635416
i 21.42 0.18 7.46117635416
J 18.99 0.04 7.46147635416
g 23.2762307856 0.343197160673 7.46895695417
Y 19.24 0.07 7.47047635417
B 23.85 0.31 7.50167635416
i 20.91 0.03 7.50999535416
r 21.74 0.04 7.50999535416
z 20.21 0.04 7.70047635416
F606W 22.494 0.17 8.05599535416
F475W 23.14 0.02 8.11647635416
F475W 23.664 0.42 8.11799535417
H 19.26 0.26 8.43922635417
J 19.64 0.11 8.43922635417
K 18.35 0.16 8.43922635417
z 20.28 0.03 8.44347635416
z 20.4 0.07 8.44347635416
Y 20.0552378993 0.0691266199764 8.44463795416
J 19.69 0.09 8.45047635416
K 18.44 0.18 8.45047635416
Ks 18.25 0.03 8.45047635416
H 19.22 0.18 8.45147635417
z 20.3992008192 0.0570039787715 8.45429945416
i 20.7238575438 0.057474359032 8.45913115416
Y 19.67 0.09 8.46047635416
r 21.75 0.05 8.46047635416
I 21.133 0.119 8.46147635416
z 20.606 0.092 8.46147635416
r 21.951982115 0.179983800721 8.46876425417
J 19.3 0.1 8.47147635416
R 22.501 0.24 8.47147635416
V 23.152 0.256 8.48147635417
H 18.83 0.23 9.18047635417
H 18.9 0.09 9.18047635417
J 19.32 0.08 9.18047635417
Ks 18.25 0.21 9.18047635417
Ks 18.34 0.06 9.18047635417
F160W 19.6 0.06 9.42747635416
F160W 19.769 0.074 9.42799535416
H 19.68 0.08 9.43047635417
J 20.57 0.2 9.43047635417
Ks 18.5 0.08 9.43047635417
K 18.43 0.17 9.44047635416
H 19.66 0.14 9.44087635417
J 20.23 0.1 9.44087635417
K 18.46 0.2 9.44087635417
H 19.21 0.05 9.44147635416
z 20.85 0.04 9.44547635417
Y 20.7763902728 0.105559119457 9.44569435416
H 19.62 0.15 9.44918468748
J 20.06 0.14 9.45047635416
Ks 18.49 0.05 9.45047635416
Y 20.09 0.14 9.46047635416
r 22.2 0.04 9.46047635416
z 20.69 0.11 9.46247635417
z 21.1883773121 0.0697123513511 9.46591745417
i 21.3695098621 0.056551354546 9.47114615417
F110W 20.5723 0.04 9.75337635417
F160W 19.8863 0.04 9.76797635416
F336W 26.918 0.27 9.81927635417
F475W 23.955 0.06 9.90497635416
F625W 22.883 0.07 9.96947635416
F775W 22.346 0.08 10.0320763542
F850W 21.527 0.05 10.0446763542
Ks 18.77 0.07 10.4304763542
H 19.63 0.08 10.4404763542
J 21.33 0.3 10.4404763542
K 18.91 0.19 10.4404763542
Y 21.6704354446 0.206240207261 10.4461721542
J 21.02 0.22 10.4467463542
K 18.43 0.25 10.4493698727
Ks 18.74 0.06 10.4504763542
z 22.014 0.214 10.4514763542
H 20.04 0.15 10.4528073727
H 19.34 0.09 10.4554763542
z 22.0612285601 0.128558273522 10.4582508542
J 20.94 0.35 10.4604763542
r 22.45 0.07 10.4604763542
I 22.052 0.289 10.4614763542
i 22.3838801057 0.103004946067 10.4714977542
R 23.379 0.277 10.4814763542
V 23.761 0.28 10.4814763542
H 20.17 0.34 10.4874063542
K 18.71 0.22 10.4874063542
F110W 20.82 0.02 10.5504763542
F110W 21.371 0.119 10.5529953542
F160W 20.279 0.09 10.6194763542
F160W 20.454 0.1 10.6199953542
H 19.53 0.21 11.1704763542
Ks 18.64 0.12 11.1704763542
F606W 23.77 0.375 11.2849953542
F475W 24.08 0.05 11.3004763542
F475W 24.747 0.695 11.3079953542
F475W 23.96 0.05 11.4114763542
F475W 24.555 0.639 11.4189953542
F814W 22.32 0.02 11.4284763542
F814W 22.584 0.339 11.4299953542
H 20.05 0.2 11.4316663542
F606W 23.665 0.357 11.4389953542
F606W 23.09 0.03 11.4404763542
Ks 18.99 0.05 11.4499953542
Ks 19.41 0.09 11.4504763542
z 22.815 0.471 11.4514763542
K 19.03 0.17 11.4548212616
H 20.24 0.18 11.4599953542
J 20.35 0.12 11.4599953542
J 21.16 0.4 11.4604763542
H 19.64 0.14 11.4684763542
I 23.0 0.309 11.4714763542
Ks 19.36 0.09 12.4334763542
Ks 19.44 0.08 12.4404763542
r 23.12 0.31 12.4404763542
K 19.42 0.16 12.446927743
H 20.57 0.19 12.4499953542
Ks 19.46 0.04 12.4499953542
H 20.99 0.21 12.4504763542
Ks 19.32 0.09 12.4564763542
Ks 19.34 0.08 12.4604763542
Ks 19.84 0.09 13.4304763542
K 19.67 0.14 13.4322263542
z 22.3 0.28 13.4404763542
K 19.63 0.23 13.4412101504
Ks 19.52 0.09 13.4494763542
H 21.01 0.14 13.4499953542
H 21.48 0.3 13.4504763542
Ks 19.43 0.09 13.4614763542
Ks 19.35 0.04 14.2704763542
Ks 20.06 0.1 14.4304763542
K 19.9 0.21 14.4459092245
Ks 19.93 0.03 14.4499953542
z 23.342 0.368 14.4514763542
Ks 20.02 0.13 14.4604763542
H 21.63 0.36 14.4704763542
Ks 19.97 0.05 15.2704763542
Ks 20.23 0.1 15.4411763542
K 20.13 0.25 15.4471360764
Ks 20.06 0.05 15.4499953542
Ks 20.43 0.13 15.4504763542
K 20.43 0.3 16.4462217245
Ks 20.31 0.08 16.4499953542
Ks 20.95 0.18 16.4504763542
Ks 20.77 0.13 17.4504763542
Ks 20.61 0.09 17.4799953542
Ks 20.81 0.13 18.4314763542
K 20.76 0.35 18.4378263542
K 20.84 0.26 18.4497749653
Ks 21.04 0.09 18.4504763542
Ks 20.93 0.17 18.4614763542
Ks 20.85 0.13 19.4599953542
Ks 21.23 0.37 19.4604763542
z 23.37 0.48 19.4634763542
Ks 21.46 0.08 21.4404763542
Ks 22.06 0.22 25.4404763542
